[gd_scene load_steps=4 format=3 uid="uid://cqc14g6i88bls"]

[ext_resource type="Script" path="res://Scripts/Main.cs" id="1_4p6e4"]
[ext_resource type="PackedScene" uid="uid://c3v1lkilsom8y" path="res://Scenes/road.tscn" id="1_rcmr0"]
[ext_resource type="PackedScene" uid="uid://dx1oldh3juddc" path="res://Scenes/car.tscn" id="2_1e0e7"]

[node name="main" type="Node3D"]
script = ExtResource("1_4p6e4")
_inEditorRoads = Array[NodePath]([NodePath("road"), NodePath("road3"), NodePath("road2")])

[node name="Camera3D" type="Camera3D" parent="."]
transform = Transform3D(0.909236, -0.15796, 0.385147, 0, 0.92521, 0.379456, -0.416281, -0.345015, 0.841234, 2.017, 10.536, 30.635)

[node name="DirectionalLight3D" type="DirectionalLight3D" parent="Camera3D"]
transform = Transform3D(1, 0, 0, 0, 1, -2.98023e-08, 0, 2.98023e-08, 1, 0, 0, 0)

[node name="road" parent="." instance=ExtResource("1_rcmr0")]
transform = Transform3D(-0.869521, 0, 0.493896, 0, 1, 0, -0.493896, 0, -0.869521, 2.35924, 0, -10.159)

[node name="car4" parent="road" instance=ExtResource("2_1e0e7")]
transform = Transform3D(0.835401, 0, -0.549605, 0, 0.999994, 0, 0.549605, 0, 0.835401, 20.8485, 0.245, -11.925)
visible = false
progress = 39.73
h_offset = 1.18

[node name="road3" parent="." instance=ExtResource("1_rcmr0")]
transform = Transform3D(-0.5378, 0, -0.843072, 0, 1, 0, 0.843072, 0, -0.5378, -41.9669, 0, -4.35543)

[node name="road2" parent="." instance=ExtResource("1_rcmr0")]
transform = Transform3D(1, 0, 0, 0, 1, 0, 0, 0, 1, 0.333524, 0, 0.659031)
